.....................................................
Downlink MU-MIMO Beamforming
ZF
Number of Antennas: 4             NLoop: 100000
EbN0dB                   BER
0                      0.056855
2                     0.0372675
4                     0.0244325
6                     0.0152625
8                     0.0098425
10                      0.006245
12                      0.003945
14                     0.0023875
16                     0.0015875
18                       0.00089
20                      0.000675
22                      0.000335
24                     0.0002025
26                     0.0001425
28                       0.00013
30                      7.75e-05
time(s): 4
.....................................................
Downlink MU-MIMO Beamforming
MMSE
Number of Antennas: 4             NLoop: 10000000
EbN0dB                   BER
0                     0.0131453
2                    0.00783142
4                    0.00463552
6                    0.00275133
8                    0.00163292
10                   0.000993775
12                     0.0006075
14                   0.000374625
16                   0.000230825
18                      0.000149
20                    9.1125e-05
22                     5.795e-05
24                     3.635e-05
26                       2.3e-05
28                    1.5075e-05
30                     8.775e-06
time(s): 383
